0:
#..
##.
.##

1:
###
.#.
###

2:
###
###
..#

3:
###
.##
##.

4:
###
##.
#..

5:
#.#
#.#
###

37x39: 41 36 41 38 28 38
43x43: 42 58 49 46 45 43
45x42: 42 52 44 61 39 50
42x45: 38 30 36 43 26 37
48x44: 57 48 53 56 54 58
40x46: 48 47 41 59 37 50
50x43: 46 32 36 37 40 32
48x36: 40 42 43 44 46 50
48x45: 57 54 55 54 61 53
49x50: 45 36 46 39 49 40
49x35: 42 45 45 45 47 40
47x49: 41 34 48 42 37 37
44x50: 51 51 65 51 62 58
49x42: 38 58 55 53 41 66
45x45: 40 31 39 34 38 42
43x47: 33 23 35 44 27 47
46x36: 33 46 41 45 33 53
35x48: 32 31 32 34 25 21
37x45: 54 33 56 40 38 38
39x40: 34 30 47 38 43 47
37x49: 30 30 38 34 27 33
43x46: 52 32 39 30 25 31
40x35: 33 34 38 35 38 37
48x38: 24 33 36 35 31 32
45x47: 56 71 44 58 46 50
44x41: 33 19 23 34 35 38
36x37: 34 26 26 15 21 21
47x47: 36 44 50 35 32 28
44x36: 33 37 53 36 34 48
37x44: 29 42 33 21 22 20
44x42: 34 28 42 29 36 26
35x48: 29 43 43 58 38 43
44x37: 38 54 36 35 37 49
42x38: 45 29 42 50 35 45
46x44: 53 48 58 48 60 46
45x50: 39 47 39 34 37 44
44x50: 48 57 56 53 55 67
42x35: 24 26 20 28 30 25
49x50: 54 61 51 68 79 64
38x48: 31 34 24 39 29 34
40x40: 42 40 45 35 49 37
45x42: 47 53 48 45 45 52
43x41: 27 34 25 30 25 40
49x42: 30 35 34 49 36 39
38x48: 33 35 34 28 36 25
36x36: 39 32 37 29 32 32
35x43: 32 25 25 15 29 27
48x45: 66 39 63 56 57 55
38x36: 37 33 39 30 41 32
39x38: 34 30 40 45 37 41
43x40: 37 54 37 37 45 53
46x46: 37 36 35 35 40 41
50x38: 26 26 30 34 45 31
48x38: 31 32 31 34 34 29
41x50: 54 56 41 58 52 55
40x50: 27 40 34 42 31 33
49x43: 36 40 36 36 41 35
36x38: 26 23 21 25 20 29
37x35: 26 20 19 16 29 21
46x46: 44 55 50 58 56 60
36x35: 21 24 24 22 22 18
50x43: 39 37 31 48 46 23
36x45: 41 44 38 43 46 38
45x36: 51 37 46 41 32 44
38x49: 34 30 38 30 22 37
36x38: 16 23 20 29 30 25
41x45: 57 46 43 47 49 45
40x49: 32 32 38 33 37 35
35x47: 60 35 43 42 46 33
48x47: 41 39 44 43 42 31
48x45: 44 46 40 30 31 49
39x37: 18 25 24 24 36 29
47x43: 25 40 45 36 30 33
48x49: 37 42 45 46 49 36
42x46: 55 56 43 44 42 58
44x43: 33 31 41 38 29 23
38x48: 32 32 29 40 31 27
42x43: 53 56 44 43 31 51
35x36: 29 23 20 21 23 15
48x40: 35 39 35 42 31 26
36x43: 28 28 19 34 30 28
50x47: 38 35 46 41 37 43
43x36: 39 31 27 16 22 32
49x43: 28 51 25 38 34 47
45x40: 59 42 42 47 53 39
42x43: 54 45 45 54 37 44
50x47: 46 37 40 41 36 40
39x49: 24 35 34 42 37 36
47x49: 34 42 40 39 43 41
48x42: 38 45 36 29 37 38
49x50: 48 30 40 46 45 47
50x43: 37 50 26 40 43 28
37x47: 40 39 43 45 49 51
46x46: 59 50 49 61 53 55
41x46: 32 31 38 33 35 25
46x36: 44 51 37 50 31 41
38x40: 26 29 27 17 25 32
44x36: 32 42 46 38 43 41
43x41: 30 37 16 36 33 30
40x42: 37 30 31 29 29 26
36x45: 29 29 26 34 34 27
44x46: 27 50 31 32 41 28
42x43: 30 31 37 45 26 27
39x41: 25 27 31 32 25 29
45x40: 42 28 34 21 36 33
46x46: 40 40 41 36 37 31
37x48: 49 43 41 55 50 37
36x43: 29 27 27 31 31 23
40x45: 50 47 48 37 36 59
49x37: 55 49 38 56 42 41
38x49: 52 42 47 50 42 54
47x37: 27 33 29 29 35 26
49x35: 42 40 47 41 40 53
48x44: 37 36 40 48 25 37
46x42: 37 34 33 29 49 28
48x48: 42 40 41 56 36 41
38x44: 27 29 24 29 28 31
46x43: 38 38 32 27 39 35
48x46: 40 60 63 49 49 73
46x45: 41 41 32 30 42 38
42x43: 33 43 40 28 27 24
41x42: 31 27 31 34 24 34
48x40: 48 59 35 47 48 58
50x39: 29 30 44 36 34 34
40x46: 35 40 28 30 29 32
45x38: 42 51 32 55 39 43
48x45: 44 44 40 32 39 41
50x38: 54 45 55 56 42 41
48x42: 56 57 57 52 41 47
44x49: 43 32 37 36 40 36
40x37: 21 28 27 29 23 27
50x47: 39 35 41 45 43 36
43x40: 49 37 41 54 50 36
37x38: 44 36 37 33 36 33
47x36: 26 24 42 29 29 29
49x46: 70 66 57 56 40 59
45x36: 28 20 31 31 39 31
36x40: 30 36 33 37 39 45
50x35: 47 43 57 51 37 34
36x42: 43 44 37 40 39 31
35x44: 41 32 43 43 36 42
43x44: 36 40 22 36 26 36
45x41: 34 27 47 28 27 31
37x38: 37 36 41 26 44 34
40x43: 40 53 52 44 31 42
35x50: 45 52 40 35 48 50
41x47: 46 58 44 47 45 55
46x38: 49 48 36 40 55 44
50x42: 59 55 53 51 49 57
39x40: 28 33 25 29 26 28
46x38: 33 29 30 25 44 18
48x39: 33 32 34 29 44 35
48x41: 57 39 52 52 59 47
41x48: 45 51 56 56 60 35
40x38: 21 31 20 23 26 34
35x37: 19 23 28 24 15 23
35x38: 21 18 30 24 22 17
48x39: 34 29 44 35 32 34
37x39: 25 30 29 22 24 26
46x50: 35 44 42 39 40 40
43x45: 59 54 40 52 38 56
44x41: 14 28 32 41 24 42
43x45: 43 52 45 52 48 56
41x37: 27 39 32 49 44 40
45x35: 39 47 39 40 39 38
42x42: 42 31 29 31 32 30
35x36: 29 16 21 21 21 24
39x42: 24 31 35 43 24 25
45x37: 35 32 29 24 35 25
40x42: 35 28 24 32 31 32
44x46: 36 27 30 47 36 34
46x38: 28 23 31 33 31 34
38x45: 33 29 33 27 32 25
44x41: 31 37 53 52 51 50
36x36: 27 23 20 25 20 29
42x35: 28 32 51 34 47 33
42x42: 32 27 39 34 28 36
46x35: 23 28 32 28 30 24
42x35: 42 38 27 35 41 45
43x42: 45 49 49 54 42 38
42x49: 39 41 37 43 29 35
36x45: 45 39 41 38 59 31
38x40: 41 42 39 24 48 42
37x35: 21 16 25 22 20 27
38x37: 20 24 30 25 23 21
50x45: 42 31 42 35 46 43
44x43: 31 52 55 52 31 63
35x39: 23 18 22 23 29 28
40x48: 35 33 34 37 35 34
37x36: 34 29 37 31 33 41
38x49: 40 33 24 25 34 36
47x48: 40 31 42 42 42 43
39x50: 34 37 37 26 42 32
36x39: 34 29 43 33 39 38
43x45: 55 43 60 45 53 44
37x50: 42 54 44 58 38 46
45x45: 30 46 33 43 40 33
35x45: 36 28 30 25 25 20
46x40: 29 36 44 29 28 29
39x35: 27 23 19 23 21 30
46x45: 38 44 25 37 41 40
47x47: 29 32 34 45 41 44
38x47: 30 19 40 25 35 31
50x46: 48 40 43 39 36 34
41x38: 25 26 24 23 35 23
42x47: 46 56 38 53 61 50
38x46: 31 36 31 34 23 24
42x38: 41 44 39 39 49 35
39x41: 30 22 28 34 26 29
44x37: 37 43 37 49 52 33
41x43: 44 45 44 45 50 44
49x36: 30 28 26 36 35 37
37x48: 42 34 28 26 33 28
46x49: 51 64 58 66 44 60
37x35: 45 35 28 36 34 25
49x37: 34 23 40 28 30 37
37x47: 32 25 29 33 26 35
39x46: 30 34 24 36 41 30
35x44: 39 32 45 38 45 39
35x48: 27 38 30 28 18 35
43x46: 35 35 38 37 35 29
38x49: 27 31 23 35 34 42
40x50: 44 48 54 46 59 56
46x48: 58 59 61 48 62 53
49x47: 42 44 35 41 34 44
49x40: 33 37 35 29 39 34
45x39: 35 33 31 31 38 27
41x42: 31 23 27 40 32 28
37x38: 31 21 31 24 14 23
43x44: 47 57 51 40 50 46
35x43: 39 31 35 44 45 39
35x47: 39 20 25 26 34 20
36x36: 30 36 31 27 34 41
37x48: 26 26 39 36 37 28
50x35: 28 36 31 36 20 24
46x43: 53 40 58 46 62 48
35x38: 42 30 41 36 27 30
49x49: 46 44 46 39 45 35
42x46: 55 54 45 46 48 51
37x43: 30 23 26 26 29 34
42x37: 44 43 40 39 44 31
37x38: 49 38 30 25 35 43
50x49: 29 42 46 42 54 43
50x35: 52 33 43 57 42 44
42x49: 42 52 44 49 61 67
41x46: 39 56 46 52 50 45
37x42: 24 17 32 31 34 30
36x48: 45 52 41 43 35 49
46x42: 54 55 44 41 52 53
43x40: 42 22 27 29 32 29
46x49: 49 63 58 53 62 60
46x50: 38 40 40 40 43 39
38x44: 29 37 42 52 45 49
35x36: 23 24 25 25 22 13
40x41: 31 30 25 19 32 31
41x43: 30 28 23 33 32 36
50x46: 31 41 46 40 38 43
35x44: 25 39 39 51 45 35
50x49: 51 47 37 42 36 43
50x50: 38 42 56 39 35 45
39x43: 31 30 33 19 38 30
36x39: 22 25 23 24 26 36
49x40: 38 29 38 38 27 37
43x47: 50 55 38 58 54 56
50x49: 51 34 46 51 42 32
49x49: 48 40 51 41 36 39
49x50: 41 43 45 56 30 40
35x38: 21 24 24 17 21 25
40x39: 34 43 37 42 42 41
36x40: 24 26 24 29 25 28
44x42: 32 33 38 40 27 25
46x35: 36 25 23 29 28 23
45x36: 31 31 22 37 33 25
35x37: 23 17 25 21 23 23
47x41: 47 40 38 49 56 67
47x37: 41 41 43 45 40 56
45x48: 33 49 47 38 34 39
36x38: 41 33 43 39 26 29
36x50: 29 28 41 37 26 31
37x44: 17 30 37 24 32 28
39x37: 31 34 22 24 25 20
47x45: 51 63 49 53 62 48
42x45: 31 34 36 35 39 35
44x44: 39 40 33 32 27 25
45x40: 53 49 40 37 45 55
41x40: 44 46 39 46 42 36
47x39: 37 48 56 45 45 48
40x42: 57 45 41 33 46 41
43x47: 52 47 56 49 64 45
40x41: 21 32 33 27 27 28
49x50: 48 45 37 40 44 42
45x39: 50 42 47 43 39 50
41x47: 31 22 31 35 38 38
42x50: 39 48 39 34 34 30
39x42: 38 29 27 32 19 36
39x50: 44 41 56 48 54 56
50x48: 46 74 67 67 47 62
46x44: 52 50 44 57 47 61
36x43: 32 32 25 26 27 25
41x37: 31 29 26 24 22 23
50x49: 41 30 49 38 55 43
48x42: 52 49 63 54 48 44
36x38: 28 32 29 23 20 12
36x46: 19 36 24 32 33 35
40x47: 46 44 56 57 36 48
36x38: 28 25 22 27 21 20
38x44: 32 35 18 34 20 28
38x39: 30 30 19 28 18 30
39x36: 35 38 43 39 28 32
42x36: 18 31 27 29 26 37
37x37: 19 28 18 33 28 17
36x46: 43 35 39 42 49 48
47x36: 52 47 48 50 36 29
44x42: 38 34 23 31 41 29
35x50: 36 45 53 44 46 43
47x37: 55 41 43 42 38 51
37x48: 44 50 48 51 30 48
50x42: 43 39 39 40 37 25
38x38: 35 35 34 35 38 45
37x36: 33 24 17 23 23 23
46x49: 47 55 56 55 72 61
41x50: 33 34 28 34 40 38
37x48: 27 29 39 34 38 25
49x41: 30 28 42 37 37 34
48x44: 37 36 40 37 36 38
44x40: 24 36 30 29 32 31
42x41: 40 51 53 26 52 43
48x35: 36 24 24 33 30 29
49x44: 32 34 46 37 39 36
42x49: 51 53 64 55 49 44
35x42: 38 46 37 32 41 33
49x38: 31 38 36 28 32 27
38x43: 28 19 34 32 25 29
50x40: 52 45 47 50 58 57
38x50: 49 53 46 49 51 45
37x48: 44 43 42 45 46 53
44x45: 52 48 58 49 55 44
44x35: 27 25 21 26 25 29
49x45: 65 55 37 65 58 62
35x45: 40 48 37 44 43 31
43x48: 51 49 47 52 50 68
40x45: 36 36 28 33 29 33
45x48: 40 38 40 40 35 47
44x44: 51 49 65 36 47 50
46x37: 20 30 35 35 34 26
38x35: 24 22 22 25 21 18
48x47: 47 53 67 47 71 61
40x42: 40 36 40 45 45 52
42x36: 39 28 41 39 38 48
41x40: 30 26 32 27 27 26
49x40: 31 35 41 38 34 29
45x36: 36 41 38 45 49 40
45x37: 32 52 50 50 40 29
48x40: 40 48 46 44 55 61
46x47: 53 37 35 29 35 35
47x37: 27 27 33 30 31 32
38x37: 26 24 22 20 25 26
45x43: 34 32 39 36 38 31
42x36: 41 39 36 38 41 39
46x35: 39 42 51 48 33 33
40x35: 48 32 36 35 35 33
48x50: 42 29 55 39 50 40
38x47: 43 43 39 46 57 48
49x41: 51 51 46 59 50 52
49x40: 34 36 31 31 37 38
48x44: 32 39 46 33 35 39
35x37: 32 30 35 38 32 32
40x47: 53 48 41 51 43 54
41x47: 32 29 38 33 38 25
39x48: 26 35 34 40 36 37
41x48: 30 30 38 32 39 39
41x36: 22 34 28 26 23 23
41x38: 26 18 36 28 22 25
35x45: 41 51 35 40 36 39
38x41: 25 29 37 19 22 24
42x50: 59 60 51 59 55 41
41x38: 35 40 38 44 50 33
50x39: 29 42 34 30 34 38
39x36: 37 39 34 36 32 38
35x45: 28 21 29 32 28 27
45x50: 72 45 64 64 54 51
49x39: 47 58 43 43 52 51
39x38: 40 38 46 48 25 30
43x36: 28 24 28 27 27 34
44x45: 38 37 24 37 41 32
35x43: 32 27 25 30 18 21
36x43: 29 23 29 25 29 32
44x47: 36 32 39 33 36 34
43x50: 52 55 62 49 54 58
46x45: 47 35 44 34 35 29
47x47: 56 68 59 48 49 59
41x39: 54 41 40 40 40 35
41x50: 56 55 51 52 55 48
35x37: 17 20 19 27 30 19
45x50: 40 35 51 47 43 24
45x42: 32 36 29 37 38 38
35x36: 15 23 15 25 27 27
50x37: 33 33 40 22 33 31
35x39: 15 27 22 17 30 31
41x46: 46 44 44 44 56 57
49x48: 52 56 55 64 70 64
49x43: 33 39 32 42 34 44
42x35: 48 28 32 38 42 42
49x50: 39 50 40 43 35 48
36x46: 28 34 23 33 30 32
41x45: 27 33 36 41 31 26
36x43: 41 37 52 37 33 38
41x45: 48 52 37 58 44 45
47x45: 56 63 47 50 46 63
37x48: 40 37 45 43 53 55
41x45: 29 34 26 29 36 41
47x43: 34 28 38 47 28 34
36x42: 38 41 50 39 34 30
40x37: 28 23 22 26 27 29
48x48: 44 48 44 37 47 36
38x43: 24 36 20 30 29 29
35x35: 17 18 27 17 23 18
48x36: 51 49 41 39 44 44
37x42: 27 38 40 41 41 49
45x46: 46 33 29 34 38 44
43x35: 34 37 48 31 43 38
42x48: 63 41 58 48 47 56
35x42: 30 22 28 23 27 23
44x48: 40 40 40 25 43 35
43x41: 28 37 26 23 35 32
47x48: 38 27 33 53 42 46
41x43: 40 30 27 34 29 21
45x40: 25 31 35 31 41 31
35x44: 29 40 45 37 46 38
36x48: 44 40 49 46 44 43
42x43: 46 41 38 51 53 50
35x47: 49 40 45 38 46 38
47x39: 37 23 29 34 41 30
45x43: 50 53 50 44 49 52
49x42: 31 42 45 38 26 41
37x39: 35 32 33 38 39 45
36x44: 40 36 43 40 41 44
35x43: 36 17 23 34 25 18
44x46: 36 29 31 36 43 34
42x43: 36 60 45 30 51 54
46x42: 34 33 42 33 43 25
41x49: 49 46 53 61 47 52
37x37: 25 20 22 29 29 18
41x45: 38 32 32 29 36 28
50x50: 41 44 36 43 47 45
35x36: 34 32 35 36 22 34
36x40: 25 17 35 25 26 28
39x47: 36 29 32 34 32 32
37x35: 39 39 32 31 26 33
42x49: 33 39 44 37 40 30
44x36: 23 23 31 34 28 28
39x43: 43 39 35 52 40 49
36x39: 26 29 30 21 24 26
37x35: 30 24 30 33 44 39
37x45: 37 51 41 39 45 42
43x47: 33 36 26 40 36 39
35x35: 12 21 13 25 24 25
44x45: 60 48 53 51 48 47
42x45: 39 34 37 28 30 41
47x36: 46 48 42 38 35 51
48x47: 44 33 31 39 52 40
40x45: 33 38 32 31 32 29
39x42: 33 45 50 42 38 41
41x50: 50 67 42 52 47 56
39x50: 45 46 47 52 50 59
37x48: 52 39 49 44 43 48
38x40: 19 22 32 29 29 25
50x42: 34 33 38 41 45 32
39x37: 28 25 28 22 28 24
40x41: 31 34 56 46 39 43
48x43: 36 33 36 36 41 42
40x37: 22 22 23 20 38 30
36x44: 25 30 37 29 24 23
36x37: 24 27 25 30 21 17
40x50: 55 42 58 46 50 58
49x50: 48 43 41 44 38 41
49x35: 39 48 49 43 38 45
50x49: 65 51 70 68 77 49
38x36: 40 43 32 27 35 35
42x47: 40 66 53 54 44 43
44x38: 34 23 33 28 30 19
45x42: 32 32 23 46 43 33
48x46: 60 54 48 60 56 63
38x48: 33 36 65 43 48 52
44x46: 38 29 36 36 36 34
46x45: 41 47 33 34 38 32
41x44: 44 44 45 54 45 45
40x42: 34 35 31 30 24 28
46x35: 23 35 30 31 20 26
47x45: 27 41 41 38 39 39
39x40: 24 30 25 27 31 32
44x45: 33 35 38 38 34 31
46x38: 34 31 29 27 28 31
47x42: 54 50 47 48 51 55
40x50: 29 37 35 34 37 36
42x45: 50 39 49 56 51 47
46x36: 32 21 31 28 30 38
40x38: 39 40 42 38 32 42
44x35: 27 22 21 21 34 29
49x39: 58 50 43 55 43 47
41x35: 35 34 47 43 33 28
43x39: 36 26 26 30 41 23
41x48: 38 39 29 30 39 32
37x49: 35 28 43 24 30 32
49x42: 39 39 31 41 41 33
35x39: 18 25 31 23 21 24
42x50: 32 36 41 45 38 31
50x42: 59 60 59 42 55 50
36x35: 29 35 34 34 32 29
37x40: 26 42 36 40 42 39
47x41: 29 45 31 32 36 21
45x43: 57 41 53 58 41 49
37x44: 43 33 44 48 47 37
41x50: 40 23 36 39 42 27
43x48: 48 54 51 52 58 54
46x50: 34 40 52 36 37 41
48x47: 41 38 37 33 47 43
45x47: 39 38 44 37 29 38
47x43: 33 29 31 40 35 42
47x50: 55 67 66 59 52 60
50x48: 75 52 55 63 51 76
44x39: 40 47 45 43 36 51
39x39: 35 26 20 22 40 25
39x39: 30 24 30 27 30 28
48x46: 55 59 45 73 54 53
43x49: 57 61 66 41 60 41
42x40: 32 47 44 48 38 46
45x44: 62 45 58 51 43 48
45x43: 41 35 32 44 35 22
37x37: 42 33 42 30 30 35
38x50: 25 36 36 24 41 29
40x37: 26 32 28 16 26 28
43x42: 52 50 39 50 47 42
37x45: 30 43 58 49 37 35
36x43: 32 26 34 21 24 31
44x49: 29 39 44 36 29 47
41x41: 28 37 36 22 25 20
36x50: 58 53 39 49 41 40
37x49: 37 30 35 33 23 33
37x39: 35 38 38 37 52 24
41x36: 27 27 29 25 23 24
37x39: 37 38 33 38 42 35
46x50: 34 36 45 37 50 38
35x40: 23 25 25 28 23 18
37x42: 40 38 45 40 37 39
46x36: 31 26 25 37 37 24
39x48: 45 51 46 45 44 56
35x43: 25 24 25 28 28 24
48x46: 63 63 53 57 57 49
50x41: 36 58 74 49 40 52
42x37: 23 46 33 43 44 46
50x38: 49 50 50 39 57 49
38x38: 32 23 17 24 25 22
35x45: 25 30 21 33 24 32
46x49: 50 44 40 30 35 41
42x40: 28 34 17 35 43 25
38x38: 18 30 23 23 26 23
41x44: 27 30 32 31 29 33
35x44: 35 51 28 37 47 39
35x35: 32 23 37 33 31 33
46x42: 43 33 31 22 39 41
47x37: 41 50 42 44 52 39
40x39: 41 38 35 44 37 45
35x46: 50 40 43 42 38 37
37x43: 38 33 20 27 20 29
39x50: 27 38 41 28 40 33
46x41: 54 44 53 42 56 44
37x39: 34 39 47 37 35 29
42x39: 42 49 30 44 46 42
38x44: 46 33 34 48 47 51
42x37: 21 26 31 26 28 35
43x45: 34 30 42 33 35 35
42x41: 42 43 38 54 40 47
50x45: 49 59 63 52 65 57
46x41: 48 53 54 52 46 37
46x46: 36 35 33 48 35 38
50x36: 31 28 30 38 28 36
48x46: 55 53 67 54 53 57
38x45: 26 28 28 38 31 28
48x37: 30 29 30 34 33 35
46x43: 29 36 41 40 31 32
41x39: 34 47 35 33 47 49
48x46: 41 39 39 37 43 40
42x37: 44 41 30 37 44 45
39x49: 52 52 43 50 42 55
49x43: 57 58 56 54 52 48
35x39: 18 29 19 21 20 36
44x39: 28 32 33 22 24 42
41x48: 37 30 35 27 41 38
40x35: 21 23 33 26 25 15
38x48: 30 38 32 32 32 28
36x41: 30 44 43 41 37 30
48x42: 53 54 47 65 39 51
50x41: 26 31 37 35 38 41
49x50: 40 38 53 38 47 39
44x43: 36 37 22 40 29 32
43x50: 37 33 37 31 52 34
40x46: 26 35 37 36 37 24
38x49: 43 46 55 48 52 42
42x38: 35 30 23 25 27 27
37x47: 40 22 31 36 32 18
38x47: 30 57 42 41 49 52
35x44: 23 45 41 45 35 43
44x37: 41 38 38 48 44 42
48x43: 33 40 54 36 28 33
45x41: 39 38 29 21 32 36
42x37: 20 33 26 28 30 31
39x48: 61 51 42 43 49 46
50x44: 52 64 36 67 52 66
38x37: 26 24 13 29 34 18
48x37: 31 26 25 38 43 29
46x38: 47 39 53 42 38 50
49x36: 27 38 36 28 41 21
50x35: 35 26 31 27 27 29
40x37: 37 37 49 39 32 33
39x36: 33 15 18 29 32 29
36x50: 21 46 32 23 31 38
48x39: 52 49 48 52 46 42
38x44: 26 22 32 26 32 29
40x48: 34 34 26 42 45 26
44x36: 35 39 47 40 46 36
44x39: 25 27 31 42 30 27
43x48: 45 50 49 67 62 44
42x45: 52 35 53 56 47 49
49x39: 34 42 24 26 49 33
45x36: 31 28 23 26 38 34
36x37: 32 38 36 33 29 36
48x45: 41 41 46 33 38 40
45x49: 40 42 35 36 38 49
49x44: 39 53 57 61 52 65
50x35: 43 36 26 24 20 26
39x48: 49 30 29 28 34 38
50x44: 62 63 52 53 55 55
47x35: 48 42 33 49 42 41
36x35: 19 16 20 30 20 27
41x42: 25 30 31 27 34 34
41x44: 46 41 41 58 47 45
46x49: 63 53 55 65 48 63
43x49: 33 37 44 32 36 41
43x48: 35 32 39 37 33 48
50x47: 41 64 64 75 59 53
37x48: 30 31 34 31 39 27
35x49: 29 35 25 17 33 36
36x48: 37 53 52 38 44 40
40x37: 25 28 28 24 28 23
46x48: 39 63 65 60 63 46
39x38: 39 33 33 51 40 33
44x35: 36 41 46 41 30 41
44x46: 31 39 38 33 30 39
50x49: 34 38 45 44 47 47
35x39: 33 23 21 19 23 24
40x39: 28 34 34 23 22 28
43x35: 25 20 26 33 28 21
50x47: 48 31 37 36 40 48
38x42: 21 26 31 29 32 28
36x50: 24 31 39 35 26 37
40x45: 52 22 26 29 27 39
50x39: 24 46 39 29 28 41
45x36: 37 45 40 42 32 51
43x44: 33 47 58 45 48 56
45x50: 58 54 60 55 62 58
50x43: 59 60 56 42 53 62
46x41: 45 48 41 52 53 51
39x35: 17 27 31 23 24 20
36x41: 38 36 41 33 41 39
49x49: 68 66 58 59 64 57
50x41: 30 53 20 27 39 38
45x50: 42 42 41 35 45 35
46x44: 37 36 38 32 35 31
43x35: 34 25 20 27 23 25
47x36: 28 30 31 33 28 29
36x43: 26 24 23 28 33 33
48x49: 53 41 40 44 40 37
45x40: 47 58 38 29 49 57
38x48: 32 23 32 34 24 46
46x43: 49 56 50 58 36 53
37x37: 27 29 46 28 37 42
40x38: 21 31 24 31 19 29
42x44: 31 28 35 30 32 39
47x50: 30 37 49 44 37 43
41x35: 29 27 19 28 17 22
44x48: 46 34 43 31 35 35
35x44: 29 22 28 20 25 29
38x38: 26 33 24 24 19 17
50x47: 60 59 70 55 68 51
48x43: 51 49 55 55 59 49
43x46: 49 47 49 55 56 49
45x35: 25 27 22 33 24 33
45x44: 46 31 30 30 35 37
46x49: 51 58 65 56 56 59
47x45: 45 56 51 69 55 47
37x42: 35 44 44 32 41 42
36x43: 28 42 43 33 53 38
45x49: 43 42 45 41 33 35
47x45: 56 62 51 58 47 51
37x42: 28 26 28 38 32 16
45x43: 51 43 42 59 46 57
44x38: 17 34 30 29 32 26
40x42: 23 29 22 31 44 32
41x36: 35 27 25 21 29 18
48x48: 38 44 39 35 55 44
47x39: 37 29 34 32 36 27
46x38: 14 30 31 46 24 35
38x42: 22 29 32 20 36 28
50x46: 54 48 58 63 69 62
43x36: 37 37 38 38 34 53
47x36: 24 32 36 34 29 25
37x43: 40 36 39 46 41 43
43x37: 49 40 34 46 46 33
38x49: 34 27 28 31 29 42
37x38: 26 40 42 26 37 43
45x39: 35 32 34 20 40 34
40x44: 29 35 24 24 39 31
42x49: 47 56 65 39 59 50
47x48: 34 39 37 41 41 48
49x39: 46 25 34 36 27 39
43x45: 34 39 34 37 32 33
46x46: 53 52 55 63 58 45
47x42: 51 45 47 69 50 42
37x49: 34 31 29 23 41 33
39x40: 36 45 31 47 39 41
49x35: 33 25 28 33 30 26
48x48: 50 55 62 52 65 69
46x49: 60 48 68 48 66 59
46x35: 31 20 30 34 17 33
42x40: 27 32 40 20 20 43
49x38: 43 31 26 30 31 30
50x43: 52 40 59 70 60 50
49x40: 34 35 40 26 36 37
48x48: 47 38 42 46 40 43
39x36: 35 40 24 39 35 43
37x44: 43 44 52 32 41 39
42x50: 37 38 40 43 35 30
43x37: 22 30 42 22 32 19
36x35: 22 15 17 33 23 22
48x42: 49 64 48 45 54 50
39x41: 30 36 27 31 15 30
41x42: 47 39 45 47 43 45
48x38: 42 43 48 48 43 55
43x36: 33 28 25 31 23 28
45x47: 57 38 64 55 58 55
39x49: 35 36 31 43 28 34
35x39: 26 24 22 26 27 18
44x39: 46 45 43 50 44 37
44x47: 59 48 57 47 59 51
48x41: 41 43 52 59 47 58
46x44: 44 41 26 36 31 31
39x44: 26 38 27 24 33 34
41x36: 37 43 34 26 50 39
38x43: 22 25 32 33 21 34
36x45: 31 27 27 27 38 29
47x41: 55 52 49 56 47 39
38x45: 45 29 53 49 45 43
41x46: 28 31 28 41 38 29
48x47: 51 55 66 54 63 57
37x48: 39 51 45 51 47 39
35x47: 43 44 37 46 37 46
39x46: 44 42 46 52 47 45
46x42: 55 44 59 60 49 32
48x47: 37 48 37 41 42 35
37x50: 37 36 29 28 32 29
36x37: 26 17 27 24 26 24
45x49: 41 33 37 47 43 38
49x49: 64 39 38 43 37 35
41x50: 36 34 31 37 35 35
42x42: 52 37 50 45 55 36
50x45: 48 63 61 58 59 55
45x50: 40 37 36 41 46 39
47x43: 59 43 54 51 57 50
38x39: 40 46 36 39 40 28
50x40: 45 52 50 51 51 57
43x46: 35 29 33 42 35 35
44x45: 66 40 60 52 43 47
48x42: 36 32 40 32 43 41
37x46: 27 36 29 28 33 27
48x38: 46 52 47 47 43 45
47x44: 32 36 40 31 39 32
42x48: 35 37 32 35 36 48
39x39: 39 35 29 44 37 50
40x40: 42 41 42 45 44 33
44x40: 52 39 39 52 45 46
45x35: 38 35 48 40 40 41
48x43: 37 32 34 41 42 37
40x49: 46 42 55 59 39 58
49x35: 46 44 55 40 38 41
39x44: 50 46 40 39 51 41
49x36: 29 33 43 30 26 30
50x35: 32 52 40 51 45 46
37x35: 16 22 25 21 25 22
48x42: 38 41 36 45 31 33
40x35: 24 20 24 29 28 18
41x48: 44 35 35 39 28 26
45x41: 49 41 54 43 43 54
40x35: 24 22 25 24 22 25
48x47: 40 49 45 36 37 32
50x39: 31 30 37 47 32 30
46x44: 47 49 48 58 58 51
49x39: 31 42 35 26 33 41
39x40: 54 40 30 31 37 52
40x40: 53 43 36 45 35 37
48x43: 35 37 38 37 36 40
35x45: 24 25 29 26 30 30
45x48: 35 39 37 37 52 40
40x39: 23 34 25 30 25 32
42x41: 17 27 40 34 36 27
39x43: 33 30 25 26 32 36
37x48: 60 36 44 53 47 38
41x45: 53 45 53 44 43 47
38x45: 33 29 26 32 33 27
38x41: 47 39 44 36 41 35
40x43: 21 38 30 35 29 28
46x41: 30 32 30 31 38 33
49x35: 44 41 45 40 44 50
48x43: 61 37 56 58 51 57
43x49: 56 53 50 47 39 78
40x38: 24 25 33 27 24 23
41x48: 38 31 38 32 38 30
44x41: 46 43 65 46 42 35
38x41: 31 21 24 30 23 26
35x41: 19 30 23 23 23 24
46x38: 38 28 28 23 24 39
37x46: 45 44 44 47 39 43
43x36: 28 46 43 37 47 35
36x49: 33 29 27 31 38 33
46x50: 56 64 55 64 63 52
49x38: 51 48 48 50 50 41
38x35: 33 33 33 40 37 29
37x45: 22 26 38 34 28 31
44x48: 44 39 33 35 42 30
43x47: 50 60 56 51 46 47
46x42: 52 57 45 56 42 45
35x47: 48 53 37 48 35 33
48x41: 28 41 31 30 34 43
40x44: 37 57 36 51 48 40
35x46: 24 18 30 39 27 27
42x41: 28 28 35 33 32 26
43x46: 31 36 39 41 31 31
39x50: 60 46 47 42 50 58
44x49: 33 32 31 46 42 39
46x43: 60 49 59 42 42 54
50x35: 31 45 51 44 41 53
50x49: 41 47 46 41 42 39
45x36: 46 41 40 48 43 33
40x44: 48 45 43 44 38 53
46x48: 37 52 47 36 31 36
46x36: 30 39 27 32 30 22
44x44: 55 57 47 46 44 50
38x38: 38 31 40 40 39 35
36x39: 31 25 21 17 32 30
41x49: 34 33 32 33 38 37
50x36: 32 58 56 35 46 46
47x41: 26 31 37 31 34 36
43x42: 39 31 54 66 39 46
38x48: 25 47 29 34 26 31
46x45: 53 53 51 56 47 58
46x36: 42 24 24 28 26 36
47x47: 43 39 37 38 38 29
45x47: 37 41 33 35 41 37
37x41: 43 33 33 40 54 34
40x48: 51 51 46 54 47 47
42x38: 33 31 27 25 20 31
50x43: 41 39 38 30 35 40
37x47: 45 52 48 31 52 41
40x48: 56 48 47 58 37 50
50x46: 56 58 52 63 56 68
49x36: 39 36 39 23 28 26
42x40: 38 33 55 37 49 46
45x37: 37 30 27 28 21 37
46x41: 19 37 31 40 41 26
49x44: 59 57 56 44 55 62
37x39: 20 33 22 22 27 31
50x43: 53 62 55 61 51 48
48x50: 39 60 67 69 60 68
46x47: 60 66 48 55 55 50
49x45: 38 38 38 46 44 35
46x43: 39 26 33 30 37 45
48x49: 49 37 44 49 47 29
40x42: 22 31 24 37 34 33
41x37: 25 30 49 40 40 46
47x37: 28 32 33 28 25 33
42x50: 44 38 34 36 38 34
37x36: 22 15 32 25 28 21
49x39: 35 33 29 37 35 39
42x37: 43 44 41 36 44 33
41x42: 42 53 40 57 34 37
44x35: 36 40 44 36 45 36
43x43: 49 46 36 61 46 47
46x44: 36 38 37 33 37 29
43x39: 42 46 50 42 36 41
40x49: 32 39 36 30 50 20
35x47: 37 48 34 48 43 42
39x50: 36 32 38 35 29 38
35x47: 23 18 28 20 38 38
41x38: 24 26 28 27 22 29
40x37: 37 38 31 49 34 38
40x49: 54 50 48 60 38 51
37x41: 28 19 24 35 28 22
39x49: 36 35 37 46 33 21
35x45: 28 43 47 48 41 32
50x36: 34 26 34 28 35 35
49x42: 35 38 39 49 35 28
44x36: 32 29 24 26 29 28
35x43: 43 41 47 31 45 27
50x40: 29 37 41 27 40 33
46x40: 33 45 41 59 53 49
41x49: 45 33 25 39 31 34
42x38: 33 26 24 26 34 25
44x38: 21 38 32 22 27 28
48x38: 34 33 30 31 34 30
40x39: 26 27 28 30 30 28
47x45: 34 45 36 39 38 32
47x41: 30 30 26 36 34 39
37x35: 25 20 24 27 15 20
40x35: 25 18 26 27 27 20
44x44: 58 57 39 44 54 49
46x36: 32 27 28 32 30 30
45x37: 36 30 26 35 29 24
36x41: 35 41 41 42 34 33
36x44: 23 30 33 24 27 30
36x38: 28 29 24 21 19 22
38x46: 21 25 38 38 29 28
35x41: 28 21 16 26 23 29
38x42: 47 39 41 38 45 38
46x43: 57 50 50 45 48 56
38x48: 31 25 22 32 43 39
46x43: 46 48 24 34 30 28
47x46: 51 55 55 64 50 56
39x37: 23 33 21 31 17 30
50x35: 46 27 25 28 23 27
35x45: 40 30 27 31 14 22
38x49: 36 45 55 50 46 51
50x39: 34 33 33 33 42 33
39x46: 58 44 53 30 35 58
39x37: 45 42 30 36 32 39
36x35: 24 19 18 19 25 27
50x43: 66 61 50 59 47 50
46x44: 44 30 32 31 35 38
41x35: 29 28 34 16 17 19
42x39: 33 27 33 25 41 22
47x45: 35 40 40 44 33 32
47x35: 38 44 41 40 48 42
45x41: 26 28 33 31 41 35
41x44: 35 56 48 52 36 46
37x49: 48 50 61 36 48 37
47x38: 54 35 55 53 49 32
49x43: 46 38 32 32 37 38
35x35: 25 18 15 21 20 21
46x50: 68 52 60 66 47 62
42x40: 42 42 48 37 48 42
48x46: 47 37 52 37 29 37
43x46: 34 35 27 35 31 47
43x49: 32 42 40 40 33 36
44x44: 27 34 35 36 37 26
39x49: 36 30 39 40 33 29
42x41: 39 30 28 32 29 23
40x49: 31 36 33 35 36 37
41x45: 25 32 36 35 29 37
47x46: 42 44 34 37 38 29
47x47: 35 41 33 35 34 46
49x48: 45 48 43 41 30 49
50x49: 38 52 46 34 38 47
38x45: 27 30 26 31 33 32
42x42: 35 31 25 36 38 31
36x35: 23 24 22 24 22 16
35x42: 28 22 29 27 29 19
39x47: 53 44 48 49 47 43
37x39: 35 37 45 25 38 42
48x35: 50 49 53 36 38 34
41x39: 27 22 33 32 30 25
44x45: 49 57 53 52 49 44
47x35: 41 35 41 59 43 34
44x36: 37 48 45 32 47 35
36x42: 33 22 24 33 28 27
47x35: 28 23 29 28 29 28
43x49: 35 26 33 45 42 43
49x40: 37 31 33 37 39 31
40x35: 28 30 17 25 29 14
50x36: 34 32 26 39 32 29
47x37: 30 30 37 27 25 30
37x48: 41 24 30 38 31 27
38x45: 36 27 27 27 36 27
38x42: 47 43 51 39 30 36
36x45: 38 41 45 35 45 45
46x43: 49 39 68 46 50 52
45x38: 42 53 38 44 44 42
35x37: 30 17 25 21 25 14
47x36: 39 28 31 22 29 30
40x44: 38 29 28 31 28 28
35x50: 38 24 22 26 28 37
42x43: 32 34 37 33 30 30
48x38: 43 45 48 47 56 42
43x46: 45 55 49 47 57 51
40x42: 26 22 37 32 31 33
48x44: 35 44 33 33 41 37
39x40: 20 32 32 34 26 25
47x43: 37 39 23 42 34 35
38x42: 30 29 26 25 40 17
47x45: 25 27 51 35 51 36
50x39: 32 33 39 36 34 34
38x43: 27 24 29 28 23 37
